0.000000 0.000268 0.000003 0.000192 0.046905 0.000093 0.000000 
0.000000 0.000268 0.000003 0.000192 0.046905 0.000093 0.000000 
-0.029582 0.086983 0.079997 -0.047319 0.146906 -0.029799 0.004001 
-0.029582 0.086983 0.079997 -0.047319 0.146906 -0.029799 0.004001 
-0.029582 0.086983 0.079997 -0.047319 0.146906 -0.029799 0.004001 
-0.049581 0.177515 0.159990 -0.049937 0.246907 -0.059684 0.010001 
-0.049581 0.177515 0.159990 -0.049937 0.246907 -0.059684 0.010001 
-0.069579 0.268051 0.279970 -0.049942 0.346908 -0.104535 0.014001 
-0.069579 0.268051 0.279970 -0.049942 0.346908 -0.104535 0.014001 
-0.099578 0.403826 0.359951 -0.049946 0.496907 -0.134460 0.018001 
-0.099578 0.403826 0.359951 -0.049946 0.496907 -0.134460 0.018001 
-0.099578 0.403826 0.359951 -0.049946 0.496907 -0.134460 0.018001 
-0.119577 0.494316 0.439930 -0.049953 0.596908 -0.164406 0.022001 
-0.119577 0.494316 0.439930 -0.049953 0.596908 -0.164406 0.022001 
-0.139575 0.584781 0.559897 -0.049958 0.696907 -0.194375 0.028002 
-0.139575 0.584781 0.559897 -0.049958 0.696907 -0.194375 0.028002 
-0.159575 0.720423 0.639874 -0.049963 0.846906 -0.239368 0.032002 
-0.159575 0.720423 0.639874 -0.049963 0.846906 -0.239368 0.032002 
-0.199573 0.855989 0.759840 -0.049971 0.946906 -0.269386 0.036002 
-0.199573 0.855989 0.759840 -0.049971 0.946906 -0.269386 0.036002 
-0.199573 0.901160 0.799828 -0.049974 1.046905 -0.299417 0.040002 
-0.199573 0.901160 0.799828 -0.049974 1.046905 -0.299417 0.040002 
-0.229571 0.991470 0.879808 -0.049979 1.146906 -0.329462 0.044002 
-0.249570 1.045966 0.959781 -0.049977 1.196906 -0.344495 0.046002 
-0.259569 1.046952 0.999770 -0.049983 1.246905 -0.359522 0.048002 
-0.269569 1.047078 1.039759 -0.049985 1.296905 -0.374549 0.050002 
-0.269569 1.047078 1.039759 -0.049985 1.296905 -0.374549 0.050002 
-0.279568 1.047144 1.079748 -0.049987 1.396905 -0.404608 0.054003 
-0.279568 1.047144 1.079748 -0.049987 1.396905 -0.404608 0.054003 
-0.279568 1.047144 1.079748 -0.049987 1.396905 -0.404608 0.054003 
-0.299567 1.047200 1.159725 -0.049992 1.496904 -0.434672 0.060004 
-0.299567 1.047200 1.159725 -0.049992 1.496904 -0.434672 0.060004 
-0.319566 1.047218 1.279687 -0.049996 1.596904 -0.479776 0.064003 
-0.319566 1.047218 1.279687 -0.049996 1.596904 -0.479776 0.064003 
-0.339564 1.047227 1.359658 -0.049998 1.696903 -0.509847 0.068003 
-0.369563 1.047230 1.439628 -0.050001 1.796902 -0.524882 0.070003 
-0.379562 1.047232 1.479613 -0.049992 1.846901 -0.539916 0.072003 
-0.379562 1.047232 1.479613 -0.049992 1.846901 -0.539916 0.072003 
-0.379562 1.047232 1.479613 -0.049992 1.846901 -0.539916 0.072003 
-0.389562 1.047234 1.519598 -0.049992 1.946899 -0.569981 0.078002 
-0.389562 1.047234 1.519598 -0.049992 1.946899 -0.569981 0.078002 
-0.409560 1.047236 1.639547 -0.050003 2.046899 -0.615071 0.082003 
-0.409560 1.047236 1.639547 -0.050003 2.046899 -0.615071 0.082003 
-0.429559 1.047239 1.719511 -0.050014 2.196897 -0.645119 0.086003 
-0.429559 1.047239 1.719511 -0.050014 2.196897 -0.645119 0.086003 
-0.429559 1.047239 1.719511 -0.050014 2.196897 -0.645119 0.086003 
-0.459556 1.047241 1.799472 -0.050031 2.296896 -0.675160 0.090003 
-0.459556 1.047241 1.799472 -0.050031 2.296896 -0.675160 0.090003 
-0.459556 1.047241 1.799472 -0.050031 2.296896 -0.675160 0.090003 
